001000000000000000000000000000
101000000000000000000000000000
011000000001000000000000000000
000000000101000000000000000000
000000000011000000000000000000
000000000000000000000000000000
000000001000000000000000000000
000000101000000000000000000000
000000011000000000000000000000
000000000000000000000000000000
001000000000000000000000000000
101000000000000000000000000000
011000000000000000000000000000
000000000000000001000000000000
000000000000000101000000000000
000000000000000011000000000000
000000000000000000000000000000
000000000000000000000000000000
000000000000000000000000000000
000000000000000000000000000000
000000000000000000000000000000
000000000000000000000000000000
000000000000000000000000000000
000000000000000000000000000000
000000000000000000000000000000
000000000000000000000000000000
000000000000000000000000000000
000000000000000000000000000000
000000000000000000000000000000
000000000000000000000000000000
